V01[0,1,0,1]  # 10
V02[1,1,0,0]  #  3
V03[1,1,0,0]  #  3
V03[0,1,1,0]  #  6
V06[1,1,1,1]  # 15
V07[1,1,1,1]  # 15
V08[1,1,0,0]  #  3
V08[1,0,1,0]  #  5
V08[0,0,1,1]  # 12
V08[1,1,1,0]  #  7
V08[1,1,0,1]  # 11
V08[1,0,1,1]  # 13
V08[0,1,1,1]  # 14
V08[1,1,1,1]  # 15
V09[0,0,1,1]  # 12
V10[1,1,0,0]  #  3
V11[0,1,0,1]  # 10
V03[1,1,1,-3] #  7
V04[1,1,1,-3] #  7
V05[1,1,-3,1] # 11
V08[0,-1,1,1] # 12
V08[-1,0,1,1] # 12
V08[-1,1,1,1] # 14
V08[1,1,0,-1] #  3
V08[1,1,-1,0] #  3
V08[1,1,-1,1] # 11
V08[1,0,1,-1] #  5
V08[1,-1,1,0] #  5
V08[1,-1,1,1] # 13
V08[1,-2,1,1] # 13
V08[1,1,1,-1] #  7
V08[1,1,1,-2] #  7
V09[-1,0,1,1] # 12
V09[0,-1,1,1] # 12
V10[1,1,-1,0] #  3
V10[1,1,0,-1] #  3
V11[-1,1,0,1] # 10
V11[0,1,-1,1] # 10
