R01[1,1,0,0]   #  3
R01[1,1,1,1]   # 15
R02[1,1,1,1]   # 15
R03[1,1,0,1]   # 11
R03[1,1,1,1]   # 15
R04[1,1,1,1]   # 15
R09[1,1,1,1]   # 15
R10[1,1,1,1]   # 15
R11[1,1,0,0]   #  3
R11[1,1,1,0]   #  7
R11[1,1,0,1]   # 11
R11[1,1,1,1]   # 15
R12[1,1,0,0]   #  3
R12[1,1,1,0]   #  7
R12[1,1,0,1]   # 11
R12[1,1,1,1]   # 15
R11[1,1,0,-1]  #  3
R11[1,1,-1,0]  #  3
R11[1,1,0,-2]  #  3
R11[1,1,-1,-1] #  3
R11[1,1,-2,0]  #  3
R11[1,1,0,-3]  #  3
R11[1,1,-1,-2] #  3
R11[1,1,-2,-1] #  3
R11[1,1,-3,0]  #  3
R11[1,1,-1,-3] #  3
R11[1,1,-2,-2] #  3
R11[1,1,-3,-1] #  3
R11[1,1,-4,0]  #  3
R11[1,1,-1,1]  # 11
R11[1,1,-2,1]  # 11
R11[1,1,-3,1]  # 11
R11[1,1,-4,1]  # 11
R11[1,1,-5,1]  # 11
R11[1,1,0,2]   # 11
R11[1,1,-1,2]  # 11
R11[1,1,-2,2]  # 11
R11[1,1,-3,2]  # 11
R11[1,1,-4,2]  # 11
R11[1,1,1,-1]  #  7
R11[1,1,1,-2]  #  7
R11[1,1,1,-3]  #  7
R11[1,1,1,-4]  #  7
R11[1,1,2,0]   #  7
R11[1,1,2,-1]  #  7
R11[1,1,2,-2]  #  7
R11[1,1,2,-3]  #  7
R11[1,1,2,1]   # 15
R11[1,1,1,2]   # 15
R11[1,1,2,2]   # 15
R12[1,1,-1,0]  #  3
R12[1,1,0,-1]  #  3
R12[1,1,-2,0]  #  3
R12[1,1,-1,-1] #  3
R12[1,1,0,-2]  #  3
R12[1,1,-3,0]  #  3
R12[1,1,-2,-1] #  3
R12[1,1,-1,-2] #  3
R12[1,1,0,-3]  #  3
R12[1,1,-4,0]  #  3
R12[1,1,-3,-1] #  3
R12[1,1,-2,-2] #  3
R12[1,1,-1,-3] #  3
R12[1,1,1,-1]  #  7
R12[1,1,1,-2]  #  7
R12[1,1,1,-3]  #  7
R12[1,1,-1,1]  # 11
R12[1,1,-2,1]  # 11
R12[1,1,-3,1]  # 11
R12[1,1,-4,1]  # 11
R12[1,1,-5,1]  # 11
