V01[0,1,0,1]   # 10
V02[1,1,0,0]   #  3
V03[1,1,0,0]   #  3
V03[0,1,1,0]   #  6
V06[1,1,1,1]   # 15
V07[1,1,1,1]   # 15
V08[1,1,1,1]   # 15
V10[1,1,0,0]   #  3
V11[0,1,0,1]   # 10
V01[-2,1,1,1]  # 14
V02[1,1,1,-2]  #  7
V03[-1,1,1,-1] #  6
V03[0,1,1,-2]  #  6
V03[1,1,-2,0]  #  3
V03[1,1,-1,-1] #  3
V03[1,1,0,-2]  #  3
V03[1,1,1,-2]  #  7
V03[1,1,1,-3]  #  7
V04[1,-1,1,-1] #  5
V04[1,0,1,-2]  #  5
V04[1,1,-2,0]  #  3
V04[1,1,-1,-1] #  3
V04[1,1,0,-2]  #  3
V04[1,1,1,-2]  #  7
V04[1,1,1,-3]  #  7
V05[1,-2,0,1]  #  9
V05[1,-1,-1,1] #  9
V05[1,0,-2,1]  #  9
V05[1,1,0,-2]  #  3
V05[1,1,-1,-1] #  3
V05[1,1,-2,0]  #  3
V05[1,1,-2,1]  # 11
V05[1,1,-3,1]  # 11
V05[-2,1,1,1]  # 14
V06[1,-2,1,1]  # 13
V06[1,1,-2,1]  # 11
V06[1,1,1,-2]  #  7
V07[1,-2,1,1]  # 13
V07[-2,1,1,1]  # 14
V07[1,1,-2,1]  # 11
V08[1,-2,1,1]  # 13
V08[1,1,1,-2]  #  7
V10[1,1,-1,0]  #  3
V10[1,1,0,-1]  #  3
V11[-1,1,0,1]  # 10
V11[0,1,-1,1]  # 10
