R01[1,1,0,0]
R01[1,1,1,0]
R01[1,1,0,1]
R01[1,1,1,1]
R02[1,1,0,0]
R02[1,1,1,0]
R02[1,1,0,1]
R02[1,1,1,1]
R03[1,1,0,0]
R03[1,1,1,0]
R03[1,1,0,1]
R03[1,1,1,1]
R04[1,1,0,0]
R04[1,1,1,0]
R04[1,1,0,1]
R04[1,1,1,1]
R05[1,1,0,0]
R05[1,1,1,0]
R05[1,1,0,1]
R05[1,1,1,1]
R06[1,1,0,0]
R06[1,1,1,0]
R06[1,1,0,1]
R06[1,1,1,1]
R07[1,1,0,0]
R07[1,1,1,0]
R07[1,1,0,1]
R07[1,1,1,1]
R08[1,1,0,0]
R08[1,1,1,0]
R08[1,1,0,1]
R08[1,1,1,1]
R09[1,1,0,0]
R09[1,1,1,0]
R09[1,1,0,1]
R09[1,1,1,1]
R10[1,1,0,0]
R10[1,1,1,0]
R10[1,1,0,1]
R10[1,1,1,1]
R11[1,1,0,0]
R11[1,1,1,0]
R11[1,1,0,1]
R11[1,1,1,1]
R12[1,1,0,0]
R12[1,1,1,0]
R12[1,1,0,1]
R12[1,1,1,1]
