R01[1,1,-3,-1]
R01[1,1,-3,0]
R01[1,1,-3,1]
R01[1,1,-2,-1]
R01[1,1,-2,0]
R01[1,1,-2,1]
R01[1,1,-1,-2]
R01[1,1,-1,-1]
R01[1,1,-1,0]
R01[1,1,-1,1]
R01[1,1,-1,2]
R01[1,1,0,-2]
R01[1,1,0,-1]
R01[1,1,0,0]
R01[1,1,0,1]
R01[1,1,0,2]
R01[1,1,1,-2]
R01[1,1,1,-1]
R01[1,1,1,0]
R01[1,1,1,1]
R01[1,1,2,-1]
R01[1,1,2,0]
R02[1,1,-3,-1]
R02[1,1,-3,0]
R02[1,1,-3,1]
R02[1,1,-2,-1]
R02[1,1,-2,0]
R02[1,1,-2,1]
R02[1,1,-1,-1]
R02[1,1,-1,0]
R02[1,1,-1,1]
R02[1,1,-1,2]
R02[1,1,0,-2]
R02[1,1,0,-1]
R02[1,1,0,0]
R02[1,1,0,1]
R02[1,1,0,2]
R02[1,1,1,-2]
R02[1,1,1,-1]
R02[1,1,1,0]
R02[1,1,1,1]
R03[1,1,-5,1]
R03[1,1,-4,0]
R03[1,1,-4,1]
R03[1,1,-4,2]
R03[1,1,-3,-1]
R03[1,1,-3,0]
R03[1,1,-3,1]
R03[1,1,-3,2]
R03[1,1,-2,-1]
R03[1,1,-2,0]
R03[1,1,-2,1]
R03[1,1,-2,2]
R03[1,1,-1,-1]
R03[1,1,-1,0]
R03[1,1,-1,1]
R03[1,1,-1,2]
R03[1,1,0,-2]
R03[1,1,0,-1]
R03[1,1,0,0]
R03[1,1,0,1]
R03[1,1,0,2]
R03[1,1,1,-2]
R03[1,1,1,-1]
R03[1,1,1,0]
R03[1,1,1,1]
R04[1,1,-5,1]
R04[1,1,-4,0]
R04[1,1,-4,1]
R04[1,1,-4,2]
R04[1,1,-3,-1]
R04[1,1,-3,0]
R04[1,1,-3,1]
R04[1,1,-3,2]
R04[1,1,-2,-1]
R04[1,1,-2,0]
R04[1,1,-2,1]
R04[1,1,-2,2]
R04[1,1,-1,-1]
R04[1,1,-1,0]
R04[1,1,-1,1]
R04[1,1,-1,2]
R04[1,1,0,-2]
R04[1,1,0,-1]
R04[1,1,0,0]
R04[1,1,0,1]
R04[1,1,0,2]
R04[1,1,1,-2]
R04[1,1,1,-1]
R04[1,1,1,0]
R04[1,1,1,1]
R04[1,1,1,2]
R04[1,1,2,-1]
R04[1,1,2,0]
R04[1,1,2,1]
R04[1,1,2,2]
R05[1,1,-3,-1]
R05[1,1,-3,0]
R05[1,1,-3,1]
R05[1,1,-2,-1]
R05[1,1,-2,0]
R05[1,1,-2,1]
R05[1,1,-1,-2]
R05[1,1,-1,-1]
R05[1,1,-1,0]
R05[1,1,-1,1]
R05[1,1,0,-2]
R05[1,1,0,-1]
R05[1,1,0,0]
R05[1,1,0,1]
R05[1,1,1,-2]
R05[1,1,1,-1]
R05[1,1,1,0]
R05[1,1,1,1]
R05[1,1,2,-2]
R05[1,1,2,-1]
R05[1,1,2,0]
R06[1,1,-4,1]
R06[1,1,-3,-1]
R06[1,1,-3,0]
R06[1,1,-3,1]
R06[1,1,-3,2]
R06[1,1,-2,-1]
R06[1,1,-2,0]
R06[1,1,-2,1]
R06[1,1,-2,2]
R06[1,1,-1,-1]
R06[1,1,-1,0]
R06[1,1,-1,1]
R06[1,1,-1,2]
R06[1,1,0,-2]
R06[1,1,0,-1]
R06[1,1,0,0]
R06[1,1,0,1]
R06[1,1,0,2]
R06[1,1,1,-2]
R06[1,1,1,-1]
R06[1,1,1,0]
R06[1,1,1,1]
R06[1,1,2,-2]
R06[1,1,2,-1]
R06[1,1,2,0]
R07[1,1,-5,1]
R07[1,1,-4,0]
R07[1,1,-4,1]
R07[1,1,-4,2]
R07[1,1,-3,-1]
R07[1,1,-3,0]
R07[1,1,-3,1]
R07[1,1,-3,2]
R07[1,1,-2,-1]
R07[1,1,-2,0]
R07[1,1,-2,1]
R07[1,1,-2,2]
R07[1,1,-1,-1]
R07[1,1,-1,0]
R07[1,1,-1,1]
R07[1,1,-1,2]
R07[1,1,0,-2]
R07[1,1,0,-1]
R07[1,1,0,0]
R07[1,1,0,1]
R07[1,1,0,2]
R07[1,1,1,-2]
R07[1,1,1,-1]
R07[1,1,1,0]
R07[1,1,1,1]
R07[1,1,1,2]
R07[1,1,2,-2]
R07[1,1,2,-1]
R07[1,1,2,0]
R07[1,1,2,1]
R07[1,1,2,2]
R08[1,1,-5,1]
R08[1,1,-4,0]
R08[1,1,-4,1]
R08[1,1,-3,-1]
R08[1,1,-3,0]
R08[1,1,-3,1]
R08[1,1,-2,-1]
R08[1,1,-2,0]
R08[1,1,-2,1]
R08[1,1,-1,-1]
R08[1,1,-1,0]
R08[1,1,-1,1]
R08[1,1,0,-2]
R08[1,1,0,-1]
R08[1,1,0,0]
R08[1,1,0,1]
R08[1,1,1,-2]
R08[1,1,1,-1]
R08[1,1,1,0]
R08[1,1,1,1]
R09[1,1,-5,1]
R09[1,1,-4,0]
R09[1,1,-4,1]
R09[1,1,-3,-1]
R09[1,1,-3,0]
R09[1,1,-3,1]
R09[1,1,-2,-2]
R09[1,1,-2,-1]
R09[1,1,-2,0]
R09[1,1,-2,1]
R09[1,1,-1,-3]
R09[1,1,-1,-2]
R09[1,1,-1,-1]
R09[1,1,-1,0]
R09[1,1,-1,1]
R09[1,1,0,-3]
R09[1,1,0,-2]
R09[1,1,0,-1]
R09[1,1,0,0]
R09[1,1,0,1]
R09[1,1,1,-3]
R09[1,1,1,-2]
R09[1,1,1,-1]
R09[1,1,1,0]
R09[1,1,1,1]
R10[1,1,-5,1]
R10[1,1,-4,0]
R10[1,1,-4,1]
R10[1,1,-3,-1]
R10[1,1,-3,0]
R10[1,1,-3,1]
R10[1,1,-3,2]
R10[1,1,-2,-2]
R10[1,1,-2,-1]
R10[1,1,-2,0]
R10[1,1,-2,1]
R10[1,1,-2,2]
R10[1,1,-1,-3]
R10[1,1,-1,-2]
R10[1,1,-1,-1]
R10[1,1,-1,0]
R10[1,1,-1,1]
R10[1,1,-1,2]
R10[1,1,0,-3]
R10[1,1,0,-2]
R10[1,1,0,-1]
R10[1,1,0,0]
R10[1,1,0,1]
R10[1,1,0,2]
R10[1,1,1,-3]
R10[1,1,1,-2]
R10[1,1,1,-1]
R10[1,1,1,0]
R10[1,1,1,1]
R10[1,1,1,2]
R10[1,1,2,-1]
R10[1,1,2,0]
R10[1,1,2,1]
R10[1,1,2,2]
R11[1,1,-5,1]
R11[1,1,-4,0]
R11[1,1,-4,1]
R11[1,1,-4,2]
R11[1,1,-3,-1]
R11[1,1,-3,0]
R11[1,1,-3,1]
R11[1,1,-3,2]
R11[1,1,-2,-2]
R11[1,1,-2,-1]
R11[1,1,-2,0]
R11[1,1,-2,1]
R11[1,1,-2,2]
R11[1,1,-1,-3]
R11[1,1,-1,-2]
R11[1,1,-1,-1]
R11[1,1,-1,0]
R11[1,1,-1,1]
R11[1,1,-1,2]
R11[1,1,0,-3]
R11[1,1,0,-2]
R11[1,1,0,-1]
R11[1,1,0,0]
R11[1,1,0,1]
R11[1,1,0,2]
R11[1,1,1,-4]
R11[1,1,1,-3]
R11[1,1,1,-2]
R11[1,1,1,-1]
R11[1,1,1,0]
R11[1,1,1,1]
R11[1,1,1,2]
R11[1,1,2,-3]
R11[1,1,2,-2]
R11[1,1,2,-1]
R11[1,1,2,0]
R11[1,1,2,1]
R11[1,1,2,2]
R12[1,1,-5,1]
R12[1,1,-4,0]
R12[1,1,-4,1]
R12[1,1,-3,-1]
R12[1,1,-3,0]
R12[1,1,-3,1]
R12[1,1,-2,-2]
R12[1,1,-2,-1]
R12[1,1,-2,0]
R12[1,1,-2,1]
R12[1,1,-1,-3]
R12[1,1,-1,-2]
R12[1,1,-1,-1]
R12[1,1,-1,0]
R12[1,1,-1,1]
R12[1,1,0,-3]
R12[1,1,0,-2]
R12[1,1,0,-1]
R12[1,1,0,0]
R12[1,1,0,1]
R12[1,1,1,-3]
R12[1,1,1,-2]
R12[1,1,1,-1]
R12[1,1,1,0]
R12[1,1,1,1]
