OS[0,0,0,0]
OS[1,0,0,0]
OS[0,1,0,0]
OS[0,0,1,0]
OS[0,0,0,1]
OS[1,1,0,0]
OS[1,0,1,0]
OS[1,0,0,1]
OS[0,1,1,0]
OS[0,1,0,1]
OS[0,0,1,1]
OS[1,1,1,0]
OS[1,1,0,1]
OS[1,0,1,1]
OS[0,1,1,1]
OS[1,1,1,1]
SE[0,0,0,0]
SE[1,0,0,0]
SE[0,1,0,0]
SE[0,0,1,0]
SE[0,0,0,1]
SE[1,1,0,0]
SE[1,0,1,0]
SE[1,0,0,1]
SE[0,1,1,0]
SE[0,1,0,1]
SE[0,0,1,1]
SE[1,1,1,0]
SE[1,1,0,1]
SE[1,0,1,1]
SE[0,1,1,1]
SE[1,1,1,1]
UV[0,0,0,0]
UV[1,0,0,0]
UV[0,1,0,0]
UV[0,0,1,0]
UV[0,0,0,1]
UV[1,1,0,0]
UV[1,0,1,0]
UV[1,0,0,1]
UV[0,1,1,0]
UV[0,1,0,1]
UV[0,0,1,1]
UV[1,1,1,0]
UV[1,1,0,1]
UV[1,0,1,1]
UV[0,1,1,1]
UV[1,1,1,1]
