OS[1,1,0,0]
SE[-1,1,0,0]
SE[0,0,0,0]
SE[0,1,0,0]
SE[1,-1,0,0]
SE[1,0,0,0]
SE[1,1,0,0]
UV[0,0,0,0]
UV[1,-1,0,0]
UV[1,0,-1,0]
UV[1,0,0,-1]
UV[1,0,0,0]
UV[2,-2,0,0]
UV[2,-1,-1,0]
UV[2,-1,0,-1]
UV[2,-1,0,0]
UV[2,0,-2,0]
UV[2,0,-1,-1]
UV[2,0,-1,0]
UV[2,0,0,-2]
UV[2,0,0,-1]
UV[2,0,0,0]
UV[3,-3,0,0]
UV[3,-2,-1,0]
UV[3,-2,0,-1]
UV[3,-2,0,0]
UV[3,-1,-2,0]
UV[3,-1,-1,-1]
UV[3,-1,-1,0]
UV[3,-1,0,-2]
UV[3,-1,0,-1]
UV[3,-1,0,0]
UV[3,0,-3,0]
UV[3,0,-2,-1]
UV[3,0,-2,0]
UV[3,0,-1,-2]
UV[3,0,-1,-1]
UV[3,0,-1,0]
UV[3,0,0,-3]
UV[3,0,0,-2]
UV[3,0,0,-1]
UV[3,0,0,0]
UV[4,-4,0,0]
UV[4,-3,-1,0]
UV[4,-3,0,-1]
UV[4,-3,0,0]
UV[4,-2,-2,0]
UV[4,-2,-1,-1]
UV[4,-2,-1,0]
UV[4,-2,0,-2]
UV[4,-2,0,-1]
UV[4,-2,0,0]
UV[4,-1,-3,0]
UV[4,-1,-2,-1]
UV[4,-1,-2,0]
UV[4,-1,-1,-2]
UV[4,-1,-1,-1]
UV[4,-1,-1,0]
UV[4,-1,0,-3]
UV[4,-1,0,-2]
UV[4,-1,0,-1]
UV[4,-1,0,0]
UV[4,0,-4,0]
UV[4,0,-3,-1]
UV[4,0,-3,0]
UV[4,0,-2,-2]
UV[4,0,-2,-1]
UV[4,0,-2,0]
UV[4,0,-1,-3]
UV[4,0,-1,-2]
UV[4,0,-1,-1]
UV[4,0,-1,0]
UV[4,0,0,-3]
UV[4,0,0,-2]
UV[4,0,0,-1]
UV[4,0,0,0]
