V01[0,0,0,0]
V01[1,0,0,0]
V01[0,1,0,0]
V01[0,0,1,0]
V01[0,0,0,1]
V01[1,1,0,0]
V01[1,0,1,0]
V01[1,0,0,1]
V01[0,1,1,0]
V01[0,1,0,1]
V01[0,0,1,1]
V01[1,1,1,0]
V01[1,1,0,1]
V01[1,0,1,1]
V01[0,1,1,1]
V01[1,1,1,1]
V02[0,0,0,0]
V02[1,0,0,0]
V02[0,1,0,0]
V02[0,0,1,0]
V02[0,0,0,1]
V02[1,1,0,0]
V02[1,0,1,0]
V02[1,0,0,1]
V02[0,1,1,0]
V02[0,1,0,1]
V02[0,0,1,1]
V02[1,1,1,0]
V02[1,1,0,1]
V02[1,0,1,1]
V02[0,1,1,1]
V02[1,1,1,1]
V03[0,0,0,0]
V03[1,0,0,0]
V03[0,1,0,0]
V03[0,0,1,0]
V03[0,0,0,1]
V03[1,1,0,0]
V03[1,0,1,0]
V03[1,0,0,1]
V03[0,1,1,0]
V03[0,1,0,1]
V03[0,0,1,1]
V03[1,1,1,0]
V03[1,1,0,1]
V03[1,0,1,1]
V03[0,1,1,1]
V03[1,1,1,1]
V04[0,0,0,0]
V04[1,0,0,0]
V04[0,1,0,0]
V04[0,0,1,0]
V04[0,0,0,1]
V04[1,1,0,0]
V04[1,0,1,0]
V04[1,0,0,1]
V04[0,1,1,0]
V04[0,1,0,1]
V04[0,0,1,1]
V04[1,1,1,0]
V04[1,1,0,1]
V04[1,0,1,1]
V04[0,1,1,1]
V04[1,1,1,1]
V05[0,0,0,0]
V05[1,0,0,0]
V05[0,1,0,0]
V05[0,0,1,0]
V05[0,0,0,1]
V05[1,1,0,0]
V05[1,0,1,0]
V05[1,0,0,1]
V05[0,1,1,0]
V05[0,1,0,1]
V05[0,0,1,1]
V05[1,1,1,0]
V05[1,1,0,1]
V05[1,0,1,1]
V05[0,1,1,1]
V05[1,1,1,1]
V06[0,0,0,0]
V06[1,0,0,0]
V06[0,1,0,0]
V06[0,0,1,0]
V06[0,0,0,1]
V06[1,1,0,0]
V06[1,0,1,0]
V06[1,0,0,1]
V06[0,1,1,0]
V06[0,1,0,1]
V06[0,0,1,1]
V06[1,1,1,0]
V06[1,1,0,1]
V06[1,0,1,1]
V06[0,1,1,1]
V06[1,1,1,1]
V07[0,0,0,0]
V07[1,0,0,0]
V07[0,1,0,0]
V07[0,0,1,0]
V07[0,0,0,1]
V07[1,1,0,0]
V07[1,0,1,0]
V07[1,0,0,1]
V07[0,1,1,0]
V07[0,1,0,1]
V07[0,0,1,1]
V07[1,1,1,0]
V07[1,1,0,1]
V07[1,0,1,1]
V07[0,1,1,1]
V07[1,1,1,1]
V08[0,0,0,0]
V08[1,0,0,0]
V08[0,1,0,0]
V08[0,0,1,0]
V08[0,0,0,1]
V08[1,1,0,0]
V08[1,0,1,0]
V08[1,0,0,1]
V08[0,1,1,0]
V08[0,1,0,1]
V08[0,0,1,1]
V08[1,1,1,0]
V08[1,1,0,1]
V08[1,0,1,1]
V08[0,1,1,1]
V08[1,1,1,1]
V09[0,0,0,0]
V09[1,0,0,0]
V09[0,1,0,0]
V09[0,0,1,0]
V09[0,0,0,1]
V09[1,1,0,0]
V09[1,0,1,0]
V09[1,0,0,1]
V09[0,1,1,0]
V09[0,1,0,1]
V09[0,0,1,1]
V09[1,1,1,0]
V09[1,1,0,1]
V09[1,0,1,1]
V09[0,1,1,1]
V09[1,1,1,1]
V10[0,0,0,0]
V10[1,0,0,0]
V10[0,1,0,0]
V10[0,0,1,0]
V10[0,0,0,1]
V10[1,1,0,0]
V10[1,0,1,0]
V10[1,0,0,1]
V10[0,1,1,0]
V10[0,1,0,1]
V10[0,0,1,1]
V10[1,1,1,0]
V10[1,1,0,1]
V10[1,0,1,1]
V10[0,1,1,1]
V10[1,1,1,1]
V11[0,0,0,0]
V11[1,0,0,0]
V11[0,1,0,0]
V11[0,0,1,0]
V11[0,0,0,1]
V11[1,1,0,0]
V11[1,0,1,0]
V11[1,0,0,1]
V11[0,1,1,0]
V11[0,1,0,1]
V11[0,0,1,1]
V11[1,1,1,0]
V11[1,1,0,1]
V11[1,0,1,1]
V11[0,1,1,1]
V11[1,1,1,1]
